   1.2589265e-06       0.0000000
   1.4125363e-06       0.0000000
   1.5848925e-06       0.0000000
   1.7782794e-06       0.0000000
   1.9952632e-06       0.0000000
   2.2387231e-06      0.19399205
   2.5118842e-06      0.17289590
   2.8183817e-06      0.15409356
   3.1622777e-06      0.27467195
   3.5481355e-06      0.24480152
   3.9810752e-06      0.21817949
   4.4668320e-06      0.29167954
   5.0118701e-06      0.25995955
   5.6234133e-06      0.30891877
   6.3095762e-06      0.34415502
   7.0794641e-06      0.36807405
   7.9432754e-06      0.38272139
   8.9125055e-06      0.38982931
   1.0000000e-05      0.43429447
   1.1220189e-05      0.42577172
   1.2589251e-05      0.44846417
   1.4125379e-05      0.49193101
   1.5848925e-05      0.52064066
   1.7782794e-05      0.53728782
   1.9952632e-05      0.58768944
   2.2387206e-05      0.60137600
   2.5118870e-05      0.63971415
   2.8183817e-05      0.67801169
   3.1622777e-05      0.72788066
   3.5481355e-05      0.75888471
   3.9810708e-05      0.80726504
   4.4668369e-05      0.84586970
   5.0118701e-05      0.89252773
   5.6234133e-05      0.93447927
   6.3095762e-05      0.98428338
   7.0794563e-05       1.0367430
   7.9432841e-05       1.0880210
   8.9125055e-05       1.1451236
   0.00010000000       1.1986528
   0.00011220189       1.2540912
   0.00012589251       1.3108953
   0.00014125379       1.3681832
   0.00015848925       1.4249114
   0.00017782794       1.4848681
   0.00019952632       1.5410523
   0.00022387206       1.5965563
   0.00025118870       1.6494250
   0.00028183817       1.7011930
   0.00031622777       1.7510337
   0.00035481355       1.7968432
   0.00039810708       1.8392552
   0.00044668369       1.8754973
   0.00050118701       1.9072365
   0.00056234133       1.9330592
   0.00063095762       1.9534239
   0.00070794563       1.9667444
   0.00079432841       1.9710130
   0.00089125055       1.9676634
    0.0010000000       1.9564967
    0.0011220189       1.9372614
    0.0012589251       1.9101124
    0.0014125379       1.8767168
    0.0015848925       1.8340253
    0.0017782794       1.7852608
    0.0019952632       1.7310719
    0.0022387206       1.6722134
    0.0025118870       1.6093133
    0.0028183817       1.5426306
    0.0031622777       1.4725163
    0.0035481355       1.4011216
    0.0039810708       1.3294782
    0.0044668369       1.2584985
    0.0050118701       1.1887083
    0.0056234133       1.1207573
    0.0063095762       1.0554546
    0.0070794563      0.99349420
    0.0079432841      0.93520603
    0.0089125055      0.88081936
     0.010000000      0.83045794
     0.011220189      0.78419411
     0.012589251      0.74227718
     0.014125379      0.70426072
     0.015848925      0.66995496
     0.017782794      0.63903058
     0.019952632      0.61110996
     0.022387206      0.58593423
     0.025118870      0.56339797
     0.028183817      0.54264051
     0.031622777      0.52337367
     0.035481355      0.50527036
     0.039810708      0.48803533
     0.044668369      0.47143137
     0.050118701      0.45515450
     0.056234133      0.43901992
     0.063095762      0.42289769
     0.070794563      0.40670999
     0.079432841      0.39041365
     0.089125055      0.37397301
      0.10000000      0.35715945
      0.11220183      0.34018405
      0.12589251      0.32309429
      0.14125379      0.30595341
      0.15848934      0.28883486
      0.17782794      0.27181391
      0.19952621      0.25475046
      0.22387206      0.23796255
      0.25118870      0.22151572
      0.28183832      0.20548981
      0.31622777      0.18995900
      0.35481335      0.17498667
      0.39810708      0.16048319
      0.44668369      0.14665145
      0.50118729      0.13353507
      0.56234133      0.12115795
      0.63095728      0.10953428
      0.70794563     0.098673399
      0.79432841     0.088492742
      0.89125104     0.079083168
       1.0000000     0.070427365
       1.1220183     0.062502933
       1.2589251     0.055281488
       1.4125379     0.048729456
       1.5848934     0.042779927
       1.7782794     0.037441634
       1.9952621     0.032672720
       2.2387206     0.028432283
       2.5118870     0.024678615
       2.8183832     0.021370609
       3.1622777     0.018460977
       3.5481335     0.015922757
       3.9810708     0.013719033
       4.4668369     0.011813980
       5.0118729     0.010174204
       5.6234133    0.0087683505
       6.3095728    0.0075708641
       7.0794563    0.0065550989
       7.9432841    0.0056967469
       8.9125104    0.0049744630
       10.000000    0.0043688723
       11.220183    0.0038628740
       12.589255    0.0034469636
       14.125375    0.0031033784
       15.848934    0.0028204736
       17.782794    0.0025882620
       19.952621    0.0023983402
       22.387213    0.0022436751
       25.118863    0.0021221571
       28.183832    0.0020238483
       31.622777    0.0019445400
       35.481335    0.0018807622
       39.810719    0.0018296328
       44.668357    0.0017887525
       50.118729    0.0017572649
       56.234133    0.0017315824
       63.095728    0.0017103138
       70.794582    0.0016924059
       79.432819    0.0016769963
       89.125104    0.0016633033
       100.00000    0.0016503450
       112.20185    0.0016371820
       125.89255    0.0016233881
       141.25375    0.0016083505
       158.48931    0.0015914089
       177.82794    0.0015720186
       199.52624    0.0015478658
       223.87213    0.0015188562
       251.18863    0.0014839332
       281.83829    0.0014419330
       316.22777    0.0013916350
       354.81340    0.0013318445
       398.10717    0.0012558565
       446.68360    0.0011647162
       501.18722    0.0010564457
       562.34133   0.00093563391
       630.95734   0.00078800664
       707.94577   0.00062144202
       794.32823   0.00042547263
       891.25094   0.00020882124
       1000.0000   4.3446385e-05
