   1.2589265e-06       0.0000000
   1.4125363e-06       0.0000000
   1.5848925e-06       0.0000000
   1.7782794e-06       0.0000000
   1.9952632e-06       0.0000000
   2.2387231e-06       0.0000000
   2.5118842e-06       0.0000000
   2.8183817e-06       0.0000000
   3.1622777e-06       0.0000000
   3.5481355e-06       0.0000000
   3.9810752e-06       0.0000000
   4.4668320e-06       0.0000000
   5.0118701e-06       0.0000000
   5.6234133e-06       0.0000000
   6.3095762e-06       0.0000000
   7.0794641e-06       0.0000000
   7.9432754e-06       0.0000000
   8.9125055e-06       0.0000000
   1.0000000e-05       0.0000000
   1.1220189e-05       0.0000000
   1.2589251e-05       0.0000000
   1.4125379e-05       0.0000000
   1.5848925e-05       0.0000000
   1.7782794e-05       0.0000000
   1.9952632e-05       0.0000000
   2.2387206e-05       0.0000000
   2.5118870e-05       0.0000000
   2.8183817e-05       0.0000000
   3.1622777e-05       0.0000000
   3.5481355e-05       0.0000000
   3.9810708e-05       0.0000000
   4.4668369e-05       0.0000000
   5.0118701e-05       0.0000000
   5.6234133e-05       0.0000000
   6.3095762e-05       0.0000000
   7.0794563e-05       0.0000000
   7.9432841e-05       0.0000000
   8.9125055e-05       0.0000000
   0.00010000000   4.3429448e-05
   0.00011220189   3.8706519e-05
   0.00012589251   3.4497244e-05
   0.00014125379   6.1491376e-05
   0.00015848925   5.4804282e-05
   0.00017782794   7.3266518e-05
   0.00019952632   8.7065101e-05
   0.00022387206   9.6996132e-05
   0.00025118870   8.6447856e-05
   0.00028183817   9.2456136e-05
   0.00031622777   9.6135180e-05
   0.00035481355   9.7920609e-05
   0.00039810708   9.8180879e-05
   0.00044668369   9.7226403e-05
   0.00050118701   0.00010398381
   0.00056234133   0.00010812157
   0.00063095762   0.00012389581
   0.00070794563   0.00012882605
   0.00079432841   0.00013668606
   0.00089125055   0.00014618600
    0.0010000000   0.00016068896
    0.0011220189   0.00017417933
    0.0012589251   0.00018628511
    0.0014125379   0.00019984697
    0.0015848925   0.00021647692
    0.0017782794   0.00023201065
    0.0019952632   0.00024813554
    0.0022387206   0.00025994964
    0.0025118870   0.00027317522
    0.0028183817   0.00028815497
    0.0031622777   0.00029801907
    0.0035481355   0.00030844991
    0.0039810708   0.00032290601
    0.0044668369   0.00034029241
    0.0050118701   0.00036221028
    0.0056234133   0.00039000994
    0.0063095762   0.00041298605
    0.0070794563   0.00043310092
    0.0079432841   0.00045707817
    0.0089125055   0.00048582478
     0.010000000   0.00051594184
     0.011220189   0.00054460074
     0.012589251   0.00057955373
     0.014125379   0.00061306902
     0.015848925   0.00064641653
     0.017782794   0.00068284399
     0.019952632   0.00072394631
     0.022387206   0.00076568746
     0.025118870   0.00081312852
     0.028183817   0.00085922571
     0.031622777   0.00090559345
     0.035481355   0.00095301234
     0.039810708    0.0010028631
     0.044668369    0.0010563648
     0.050118701    0.0011176527
     0.056234133    0.0011772122
     0.063095762    0.0012381321
     0.070794563    0.0013015112
     0.079432841    0.0013677354
     0.089125055    0.0014375442
      0.10000000    0.0015088693
      0.11220183    0.0015814719
      0.12589251    0.0016574201
      0.14125379    0.0017339030
      0.15848934    0.0018085404
      0.17782794    0.0018861489
      0.19952621    0.0019647557
      0.22387206    0.0020436502
      0.25118870    0.0021223639
      0.28183832    0.0021998847
      0.31622777    0.0022751901
      0.35481335    0.0023476357
      0.39810708    0.0024167661
      0.44668369    0.0024817915
      0.50118729    0.0025415624
      0.56234133    0.0025954661
      0.63095728    0.0026431258
      0.70794563    0.0026841092
      0.79432841    0.0027147602
      0.89125104    0.0027357377
       1.0000000    0.0027466824
       1.1220183    0.0027471077
       1.2589251    0.0027364734
       1.4125379    0.0027142910
       1.5848934    0.0026765657
       1.7782794    0.0026272397
       1.9952621    0.0025662497
       2.2387206    0.0024940616
       2.5118870    0.0024114249
       2.8183832    0.0023191701
       3.1622777    0.0022153639
       3.5481335    0.0021033984
       3.9810708    0.0019848378
       4.4668369    0.0018610437
       5.0118729    0.0017333902
       5.6234133    0.0016034136
       6.3095728    0.0014698202
       7.0794563    0.0013371807
       7.9432841    0.0012067504
       8.9125104    0.0010803383
       10.000000   0.00095958233
       11.220183   0.00084554092
       12.589255   0.00073786413
       14.125375   0.00063902749
       15.848934   0.00054952279
       17.782794   0.00046939418
       19.952621   0.00039834375
       22.387213   0.00033583775
       25.118863   0.00028092655
       28.183832   0.00023348861
       31.622777   0.00019285240
       35.481335   0.00015827223
       39.810719   0.00012903080
       44.668357   0.00010448000
       50.118729   8.3831876e-05
       56.234133   6.6753950e-05
       63.095728   5.2730706e-05
       70.794582   4.1305917e-05
       79.432819   3.2072135e-05
       89.125104   2.4667654e-05
       100.00000   1.8720872e-05
       112.20185   1.4045789e-05
       125.89255   1.0413335e-05
       141.25375   7.6213048e-06
       158.48931   5.4990044e-06
       177.82794   3.9059114e-06
       199.52624   2.7117090e-06
       223.87213   1.8427902e-06
       251.18863   1.2222347e-06
       281.83829   7.8760273e-07
       316.22777   4.9044049e-07
       354.81340   2.9346819e-07
       398.10717   1.6517293e-07
       446.68360   8.7494054e-08
       501.18722   4.3144600e-08
       562.34133   1.9809417e-08
       630.95734   8.1082962e-09
       707.94577   2.9875368e-09
       794.32823   9.5133520e-10
       891.25094   1.9004170e-10
       1000.0000       0.0000000
